====================================================================================================
INTRADAY PARAMETER SWEEP -- 60d, sorted by net expectancy
====================================================================================================
 min_bars  tp_pct  sl_pct  time_stop_bars  n_trades  winrate  payoff  ev_gross   ev_net  sharpe     mdd  tp_hits  sl_hits  eod_exits  time_exits  flip_exits
       30   0.008   0.012               0       293   0.2765   0.719   0.00042 -0.00208  -9.809 -0.4861       22        8        238           0          25
       30   0.003   0.012               0       308   0.3864   0.298   0.00041 -0.00209 -10.855 -0.4843      112        7        179           0          10
       30   0.008   0.005               0       344   0.2762   0.741   0.00040 -0.00210 -10.110 -0.5404       30       73        217           0          24
       30   0.008   0.008               0       311   0.2830   0.728   0.00038 -0.00212 -10.089 -0.5062       29       29        228           0          25
       30   0.002   0.012               0       309   0.3204   0.354   0.00036 -0.00214 -11.324 -0.4931      123        7        170           0           9
       30   0.003   0.005               0       361   0.3767   0.310   0.00036 -0.00214 -10.850 -0.5495      127       70        154           0          10
       30   0.003   0.008               0       328   0.3902   0.296   0.00033 -0.00217 -10.960 -0.5197      120       28        170           0          10
       30   0.008   0.003               0       403   0.2457   0.796   0.00033 -0.00217 -11.250 -0.5961       34      145        201           0          23
       30   0.005   0.012               0       298   0.3020   0.532   0.00032 -0.00218 -10.943 -0.4937       60        8        211           0          19
       30   0.002   0.005               0       363   0.3196   0.360   0.00031 -0.00219 -11.244 -0.5581      139       70        145           0           9
       30   0.005   0.005               0       351   0.3020   0.540   0.00030 -0.00220 -11.045 -0.5537       73       73        186           0          19
       30   0.008   0.003               6       496   0.1895   0.841   0.00028 -0.00222 -10.906 -0.6823       29      107         35         309          16
       30   0.002   0.008               0       329   0.3283   0.348   0.00028 -0.00222 -11.383 -0.5287      130       28        162           0           9
       30   0.008   0.005               6       446   0.2018   0.772   0.00027 -0.00223 -10.138 -0.6482       25       48         35         321          17
       30   0.003   0.003               0       421   0.3373   0.328   0.00027 -0.00223 -11.588 -0.6178      136      139        139           0           7
       22   0.008   0.005               0       382   0.2749   0.715   0.00026 -0.00224 -11.304 -0.5919       33       85        234           0          30
       30   0.008   0.012               6       409   0.2029   0.728   0.00026 -0.00224  -9.945 -0.6168       19        1         35         337          17
       30   0.008   0.008               6       427   0.2131   0.756   0.00025 -0.00225 -10.033 -0.6341       26       21         35         328          17
       30   0.002   0.003               0       422   0.2938   0.366   0.00024 -0.00226 -11.897 -0.6239      150      139        127           0           6
       22   0.003   0.012               0       330   0.3848   0.301   0.00024 -0.00226 -12.083 -0.5353      113        8        197           0          12
       22   0.008   0.012               0       318   0.2767   0.679   0.00023 -0.00227 -11.092 -0.5314       24        9        255           0          30
       30   0.005   0.008               0       316   0.3070   0.513   0.00023 -0.00227 -11.094 -0.5276       66       29        202           0          19
       30   0.005   0.005               6       450   0.2133   0.627   0.00022 -0.00228 -10.519 -0.6585       64       48         35         289          14
       22   0.003   0.005               0       396   0.3712   0.318   0.00022 -0.00228 -12.126 -0.6049      130       83        171           0          12
       30   0.005   0.012               6       411   0.2117   0.620   0.00022 -0.00228 -10.209 -0.6243       57        1         35         304          14
       22   0.008   0.008               0       338   0.2840   0.689   0.00021 -0.00229 -11.406 -0.5555       31       32        245           0          30
       30   0.005   0.003               0       410   0.2683   0.557   0.00021 -0.00229 -12.097 -0.6193       73      145        175           0          17
       30   0.003   0.012               6       422   0.2536   0.370   0.00021 -0.00229 -10.689 -0.6320      100        1         35         280           6
       30   0.003   0.005               6       460   0.2522   0.388   0.00020 -0.00230 -10.953 -0.6658      107       46         35         266           6
       30   0.005   0.003               6       500   0.1960   0.657   0.00020 -0.00230 -11.360 -0.6964       68      107         35         278          12
       22   0.002   0.012               0       330   0.3212   0.363   0.00019 -0.00231 -12.482 -0.5430      125        8        188           0           9
       22   0.002   0.005               0       398   0.3166   0.373   0.00019 -0.00231 -12.472 -0.6124      144       83        162           0           9
       22   0.003   0.008               0       352   0.3892   0.300   0.00018 -0.00232 -12.142 -0.5683      121       31        188           0          12
       30   0.003   0.003               6       512   0.2324   0.407   0.00018 -0.00232 -11.747 -0.7066      113      105         35         255           4
       30   0.002   0.012               6       423   0.2151   0.413   0.00018 -0.00232 -10.946 -0.6380      108        1         35         273           6
       22   0.008   0.003               0       449   0.2450   0.753   0.00018 -0.00232 -13.001 -0.6575       37      175        209           0          28
       30   0.005   0.008               6       429   0.2191   0.614   0.00017 -0.00233 -10.392 -0.6480       63       21         35         296          14
       30   0.002   0.005               6       462   0.2165   0.433   0.00017 -0.00233 -11.193 -0.6714      115       46         35         260           6
       22   0.005   0.005               0       388   0.3015   0.519   0.00017 -0.00233 -12.270 -0.6078       77       85        204           0          22
       22   0.008   0.005               6       484   0.2045   0.732   0.00016 -0.00234 -11.174 -0.6933       27       60         35         340          22
       22   0.008   0.003               6       543   0.1915   0.802   0.00016 -0.00234 -12.356 -0.7313       32      135         35         320          21
       30   0.002   0.003               6       513   0.2027   0.445   0.00015 -0.00235 -11.981 -0.7116      121      105         35         248           4
       30   0.003   0.008               6       441   0.2585   0.379   0.00015 -0.00235 -10.862 -0.6575      107       20         35         273           6
       22   0.005   0.012               0       323   0.3034   0.504   0.00015 -0.00235 -12.152 -0.5434       62        9        230           0          22
       22   0.008   0.008               6       454   0.2181   0.701   0.00014 -0.00236 -10.988 -0.6729       27       24         35         346          22
       22   0.002   0.008               0       352   0.3295   0.357   0.00013 -0.00237 -12.504 -0.5761      132       31        180           0           9
       22   0.003   0.003               0       469   0.3326   0.330   0.00013 -0.00237 -13.378 -0.6778      144      170        146           0           9
       22   0.008   0.012               6       434   0.2097   0.666   0.00013 -0.00237 -10.961 -0.6586       20        2         35         355          22
       22   0.005   0.005               6       488   0.2152   0.613   0.00013 -0.00237 -11.494 -0.6990       68       60         35         307          18
       30   0.002   0.008               6       442   0.2217   0.424   0.00012 -0.00238 -11.102 -0.6632      114       20         35         267           6
       22   0.005   0.012               6       437   0.2174   0.590   0.00011 -0.00239 -11.131 -0.6619       59        2         35         323          18
       22   0.003   0.005               6       495   0.2505   0.408   0.00011 -0.00239 -11.890 -0.7054      110       58         35         284           8
       22   0.002   0.003               0       470   0.2894   0.373   0.00010 -0.00240 -13.668 -0.6824      160      170        134           0           6
       22   0.003   0.012               6       445   0.2562   0.381   0.00010 -0.00240 -11.552 -0.6685      101        2         35         299           8
       22   0.002   0.005               6       497   0.2153   0.462   0.00009 -0.00241 -12.098 -0.7100      120       58         35         278           6
       22   0.005   0.008               6       457   0.2232   0.591   0.00009 -0.00241 -11.244 -0.6822       65       24         35         315          18
       22   0.005   0.003               6       549   0.1967   0.637   0.00008 -0.00242 -12.848 -0.7448       75      135         35         288          16
       22   0.005   0.008               0       343   0.3090   0.490   0.00008 -0.00242 -12.297 -0.5758       68       32        221           0          22
       22   0.003   0.008               6       466   0.2597   0.392   0.00007 -0.00243 -11.645 -0.6905      108       23         35         292           8
       22   0.002   0.012               6       445   0.2180   0.433   0.00007 -0.00243 -11.771 -0.6734      110        2         35         292           6
       22   0.005   0.003               0       459   0.2680   0.537   0.00007 -0.00243 -13.815 -0.6800       80      176        183           0          20
       22   0.003   0.003               6       561   0.2317   0.410   0.00006 -0.00244 -13.301 -0.7539      121      134         35         265           6
       22   0.002   0.008               6       466   0.2232   0.443   0.00004 -0.00246 -11.848 -0.6952      116       23         35         286           6
       22   0.002   0.003               6       562   0.2011   0.456   0.00004 -0.00246 -13.515 -0.7577      131      134         35         258           4

saved: data/intraday_sweep_reverse.csv